           1           2   1.0013389414876435     
           1           3   1.0045270972909806     
           1           4  0.98123881697176996     
           1           5  0.98169037637848644     
           3           6   1.0131599270923550     
           3           7  0.97752041505651865     
           3           8  0.97759000838895627     
           6           9   1.0013561573694152     
           6          10  0.98003200996146234     
           6          11  0.97876860166328949     
           2          12   1.0131569835512377     
           9          12   1.0045159880283354     
           9          13  0.98123876564285539     
           9          14  0.98168777427776688     
          12          15  0.97759829473052462     
          12          16  0.97752184164538880     
           2          17  0.97877524587439468     
           2          18  0.98004522348425205     
